Data have been loaded and preprocessed. Counter({1: 298, 0: 52})
Found and deleted 0 conflict negative objects ()
Class Label: 0, positive: 52, negative: 298

NUM_UNCOVERED_LEFT_OBJECTS = 0 ()
RULE_1:
        NUM_NEW_OBJECTS: 48 (4 5 6 7 8 9 10 11 12 13 14 15 16 17 18 19 20 21 22 23 24 25 26 27 28 29 30 31 32 33 34 35 36 37 38 42 43 44 45 46 47 48 49 50 51 158 159 160)
        NUM_OBJECTS: 48 (4 5 6 7 8 9 10 11 12 13 14 15 16 17 18 19 20 21 22 23 24 25 26 27 28 29 30 31 32 33 34 35 36 37 38 42 43 44 45 46 47 48 49 50 51 158 159 160)
        NUM_EXACT_OBJECTS: 0
        NUM_MISS_OBJECTS: 48
        attr_1 = 1
        attr_10 = 1 3
        attr_16 = 11
        attr_26 = 1 5
        attr_37 = 5

RULE_2:
        NUM_NEW_OBJECTS: 4 (0 1 2 3)
        NUM_OBJECTS: 4 (0 1 2 3)
        NUM_EXACT_OBJECTS: 4
        NUM_MISS_OBJECTS: 0
        attr_14 = 3
        attr_27 = 3


        
        
Found and deleted 0 conflict negative objects ()
Class Label: 1, positive: 298, negative: 52

NUM_UNCOVERED_LEFT_OBJECTS = 0 ()
RULE_1:
        NUM_NEW_OBJECTS: 265 (52 53 54 55 56 57 58 59 60 61 62 63 64 65 66 67 68 69 70 71 72 73 74 75 76 77 78 79 80 93 94 95 96 97 98 99 100 101 102 103 104 105 106 107 108 109 110 111 112 113 114 115 116 117 118 119 120 121 122 123 124 125 126 127 128 129 130 131 132 133 134 135 136 143 144 145 146 147 148 149 150 151 152 153 154 155 156 157 161 162 163 164 165 166 167 168 169 170 171 172 173 174 187 188 189 190 191 192 193 194 195 196 197 198 199 200 201 202 203 204 205 206 207 208 209 210 211 212 213 214 215 216 217 218 219 220 221 222 223 224 225 226 227 228 229 230 231 232 233 234 235 236 237 238 239 240 241 242 243 244 245 246 247 248 249 250 251 252 253 254 255 256 257 258 259 260 261 262 263 264 265 266 267 268 269 270 271 272 273 274 275 276 277 278 279 280 281 282 283 284 285 286 287 288 289 290 291 292 293 294 295 296 297 298 299 300 301 302 303 304 305 306 307 308 309 310 311 312 313 314 315 316 317 318 319 320 321 322 323 324 325 326 327 328 329 330 331 332 333 334 335 336 337 338 339 340 341 342 343 344 345 346 347 348 349)
        NUM_OBJECTS: 265 (52 53 54 55 56 57 58 59 60 61 62 63 64 65 66 67 68 69 70 71 72 73 74 75 76 77 78 79 80 93 94 95 96 97 98 99 100 101 102 103 104 105 106 107 108 109 110 111 112 113 114 115 116 117 118 119 120 121 122 123 124 125 126 127 128 129 130 131 132 133 134 135 136 143 144 145 146 147 148 149 150 151 152 153 154 155 156 157 161 162 163 164 165 166 167 168 169 170 171 172 173 174 187 188 189 190 191 192 193 194 195 196 197 198 199 200 201 202 203 204 205 206 207 208 209 210 211 212 213 214 215 216 217 218 219 220 221 222 223 224 225 226 227 228 229 230 231 232 233 234 235 236 237 238 239 240 241 242 243 244 245 246 247 248 249 250 251 252 253 254 255 256 257 258 259 260 261 262 263 264 265 266 267 268 269 270 271 272 273 274 275 276 277 278 279 280 281 282 283 284 285 286 287 288 289 290 291 292 293 294 295 296 297 298 299 300 301 302 303 304 305 306 307 308 309 310 311 312 313 314 315 316 317 318 319 320 321 322 323 324 325 326 327 328 329 330 331 332 333 334 335 336 337 338 339 340 341 342 343 344 345 346 347 348 349)
        NUM_EXACT_OBJECTS: 0
        NUM_MISS_OBJECTS: 265
        attr_0 = 1
        attr_15 = 1 2 5
        attr_16 = 11 12 13 18 20 21
        attr_26 = 2 4 5 6
        attr_27 = 1 2 3
        attr_36 = 1 3 4 5

RULE_2:
        NUM_NEW_OBJECTS: 24 (81 82 83 84 85 86 87 88 89 90 91 92 175 176 177 178 179 180 181 182 183 184 185 186)
        NUM_OBJECTS: 229 (52 53 54 55 56 57 58 59 60 61 62 63 64 65 66 67 68 69 70 71 72 73 74 75 76 77 78 79 80 81 82 83 84 85 86 87 88 89 90 91 92 93 94 95 96 97 98 99 100 101 102 103 104 105 106 107 108 109 110 111 112 113 114 115 116 117 118 119 120 121 122 123 124 125 126 127 128 129 130 131 132 133 134 135 136 143 144 145 146 147 148 149 150 151 152 153 154 155 156 157 161 162 163 164 165 166 167 168 169 170 171 172 173 174 175 176 177 178 179 180 181 182 183 184 185 186 187 188 189 190 191 192 193 194 195 196 197 198 199 200 201 202 203 204 205 206 207 208 209 210 211 212 213 214 215 216 217 218 219 220 221 222 223 224 225 226 227 228 229 230 231 232 233 234 235 236 237 238 239 240 241 242 243 244 245 246 247 248 249 250 251 252 253 254 255 256 257 258 259 260 261 322 323 324 325 326 327 328 329 330 331 332 333 334 335 336 337 338 339 340 341 342 343 344 345 346 347 348 349)
        NUM_EXACT_OBJECTS: 0
        NUM_MISS_OBJECTS: 229
        attr_16 = 11 12 13 21
        attr_26 = 2 3 6
        attr_32 = 2

RULE_3:
        NUM_NEW_OBJECTS: 9 (39 40 41 137 138 139 140 141 142)
        NUM_OBJECTS: 178 (39 40 41 62 63 64 65 66 67 68 69 70 71 72 73 74 75 76 77 78 79 80 81 82 83 84 85 86 87 88 89 90 91 92 93 94 95 96 97 98 99 100 101 102 103 104 105 106 107 108 109 110 111 112 113 114 115 116 117 118 119 120 121 122 123 124 125 126 127 128 129 130 131 132 133 134 135 136 137 138 139 140 141 142 143 144 145 146 147 148 149 150 151 152 153 154 155 156 157 262 263 264 265 266 267 268 269 270 271 272 273 275 276 277 278 279 281 282 285 286 287 289 290 291 292 293 294 296 297 298 299 300 301 302 303 304 305 306 308 309 310 311 312 313 314 316 317 318 320 321 322 323 324 325 326 327 328 329 330 331 332 333 334 335 336 337 338 339 340 341 342 343 344 345 346 347 348 349)
        NUM_EXACT_OBJECTS: 0
        NUM_MISS_OBJECTS: 178
        attr_16 = 9 13 18
        attr_27 = 1 2 4
        attr_33 = 3
        attr_38 = 2 5


         142176172 function calls (142176160 primitive calls) in 1481.841 seconds

   Ordered by: internal time
   List reduced from 145 to 10 due to restriction <10>

   ncalls  tottime  percall  cumtime  percall filename:lineno(function)
  1005005 1342.915    0.001 1444.113    0.001 /home/shvets/myprojects/liclipse/gaaq/population.py:44(check_coverage)
  1005005   90.264    0.000   90.264    0.000 /home/shvets/myprojects/liclipse/gaaq/population.py:47(<listcomp>)
122140110   10.934    0.000   10.934    0.000 {method 'append' of 'list' objects}
  1005000    7.407    0.000 1458.679    0.001 /home/shvets/myprojects/liclipse/gaaq/population.py:84(fitness_function)
      500    6.891    0.014  730.508    1.461 /home/shvets/myprojects/liclipse/gaaq/population.py:197(twopointscut)
   984033    4.989    0.000    4.989    0.000 {method 'reduce' of 'numpy.ufunc' objects}
      505    3.293    0.007  745.690    1.477 /opt/anaconda3/anaconda3/lib/python3.5/site-packages/numpy/lib/shape_base.py:20(apply_along_axis)
   505000    1.950    0.000    1.950    0.000 {method 'put' of 'numpy.ndarray' objects}
   501652    1.867    0.000    1.867    0.000 {built-in method numpy.core.multiarray.array}
  4000000    1.505    0.000    1.505    0.000 {method 'randint' of 'mtrand.RandomState' objects}
